 100.26        1.914063 
 100.7         1.523438 
 101.215       1.367188 
 101.65        1.191404 
 102.185       1.816406 
 102.665       1.660154 
 103.215       1.660156 
 103.65        1.152344 
 104.16        1.5625 
 104.665       1.445313 
 105.125       1.914063 
 105.65        2.167969 
 106.155       2.1875 
 106.595       1.855469 
 107.11        1.894531 
 107.61        1.894531 
 108.11        2.460938 
 108.63        2.773438 
 109.12        2.460938 
 109.595       2.558594 
 110.105       2.929688 
 110.615       2.910156 
 111.115       3.300781 
 111.6         3.300781 
 112.11        3.769531 
 112.615       3.867188 
 113.09        4.335938 
 113.575       4.355469 
 114.08        4.6875 
 114.6         5.058594 
 115.1         5.234375 
 115.585       5.351563 
 116.105       5.546875 
 116.61        6.386719 
 117.1         6.269532 
 117.59        6.699219 
 118.125       7.46093 
 118.605       7.92968 
 119.095       8.496094 
 119.595       8.964844 
 120.1         9.570312 
 120.615       10.50781 
 121.095       10.37109 
 121.585       11.30859 
 122.09        11.93359 
 122.595       12.92969 
 123.1         13.00781 
 123.6         14.08203 
 124.1         14.62891 
 124.585       15.29297 
 125.085       16.44531 
 125.63        17.36328 
 126.09        17.94922 
 126.62        18.86719 
 127.1         19.76563 
 127.65        20.60547 
 128.095       21.26953 
 128.61        22.75391 
 129.1         24.16016 
 129.6         24.82422 
 130.11        26.32813 
 130.615       26.99219 
 131.11        28.14453 
 131.615       29.2578 
 132.145       30.48827 
 132.59        31.24999 
 133.105       32.48045 
 133.6         33.37889 
 134.11        34.49217 
 134.625       35.85936 
 135.12        37.20702 
 135.615       38.37889 
 136.13        39.96092 
 136.6         40.5078 
 137.125       41.71874 
 137.645       42.85155 
 138.13        44.10155 
 138.635       45.11717 
 139.12        45.72264 
 139.6         46.79686 
 140.13        48.12499 
 140.645       48.76952 
 141.095       49.5703 
 141.605       50.70311 
 142.115       51.71874 
 142.62        51.79686 
 143.115       52.14842 
 143.635       53.65233 
 144.135       54.17967 
 144.63        54.86327 
 145.15        55.62499 
 145.605       56.17186 
 146.075       56.69921 
 146.59        56.73827 
 147.09        57.57811 
 147.655       57.59764 
 148.115       58.26171 
 148.62        58.35936 
 149.115       59.58983 
 149.6         60.5078 
 150.09        60.62499 
 150.595       60.21483 
 151.165       60.95702 
 151.615       60.25389 
 152.125       61.1328 
 152.59        61.38671 
 153.11        61.28907 
 153.605       60.52735 
 154.115       60.72266 
 154.61        61.36719 
 155.07        60.89844 
 155.605       61.52344 
 156.08        61.54297 
 156.595       61.03516 
 157.09        60.6836 
 157.585       60.66407 
 158.09        60.78125 
 158.605       60.48828 
 159.08        60.29297 
 159.59        60.33203 
 160.1         59.57032 
 160.62        60.29297 
 161.085       59.51172 
 161.6         59.55078 
 162.115       58.47656 
 162.575       58.65234 
 163.07        57.30468 
 163.61        57.32421 
 164.09        57.01171 
 164.585       55.83984 
 165.1         56.09374 
 165.61        55.89843 
 166.09        53.82812 
 166.6         53.73046 
 167.125       54.29687 
 167.595       53.84765 
 168.1         52.83203 
 168.59        51.87499 
 169.08        51.62109 
 169.595       51.28906 
 170.11        49.17968 
 170.59        48.35937 
 171.085       49.55078 
 171.57        48.35937 
 172.09        47.73437 
 172.565       47.34375 
 173.09        45.78125 
 173.605       43.53515 
 174.07        44.86328 
 174.6         44.10156 
 175.075       44.57031 
 175.585       43.125 
 176.075       43.41797 
 176.61        45.80078 
 177.075       46.26953 
 177.58        45.9375 
 178.08        47.85156 
 178.615       47.65624 
 179.085       47.89062 
 179.585       48.67187 
 180.09        49.27734 
 180.59        49.04296 
 181.055       48.16406 
 181.59        46.11328 
 182.065       48.20312 
 182.565       47.14843 
 183.075       47.22657 
 183.575       45.58594 
 184.07        46.5625 
 184.56        45.83985 
 185.08        45.41015 
 185.565       42.73437 
 186.11        42.51953 
 186.555       42.77344 
 187.09        41.66015 
 187.57        43.00781 
 188.095       41.32812 
 188.585       40.01953 
 189.06        39.74609 
 189.57        37.4414 
 190.07        37.57812 
 190.575       35.33203 
 191.075       36.23047 
 191.565       34.14062 
 192.06        32.91015 
 192.595       32.01172 
 193.055       31.69922 
 193.57        30.13672 
 194.055       29.64843 
 194.565       29.45312 
 195.085       27.01172 
 195.575       25.99609 
 196.08        25.33203 
 196.575       24.14062 
 197.075       23.69141 
 197.575       21.69922 
 198.07        21.69922 
 198.585       20.50781 
 199.09        19.76562 
 199.565       18.82812 
 200.05        18.3789 
 200.595       17.28515 
 201.095       16.40625 
 201.585       15.2539 
 202.055       14.47266 
 202.565       13.94531 
 203.065       13.10547 
 203.555       12.69531 
 204.055       12.10937 
 204.565       11.38672 
 205.045       10.82031 
 205.58        10.23437 
 206.05        9.882811 
 206.565       9.296874 
 207.055       8.632811 
 207.575       8.30078 
 208.07        7.890624 
 208.57        7.246094 
 209.045       7.089844 
 209.565       6.757812 
 210.05        6.484375 
 210.6         6.054687 
 211.1         5.742187 
 211.6         5.820312 
 212.12        5.390625 
 212.605       5.898437 
 213.125       6.699219 
 213.63        6.855469 
 214.115       6.015625 
 214.61        5.976562 
 215.125       5.742187 
 215.585       5.46875 
 216.13        5.117187 
 216.655       4.941406 
 217.13        4.941406 
 217.625       5.117187 
 218.085       4.882812 
 218.595       4.824218 
 219.125       4.960937 
 219.59        4.84375 
 220.1         4.53125 
 220.58        4.394531 
 221.08        4.257812 
 221.605       3.886718 
 222.06        3.867187 
 222.605       3.789062 
 223.05        3.613281 
 223.555       3.457031 
 224.085       3.515625 
 224.585       3.554687 
 225.08        3.085937 
 225.59        3.359375 
 226.115       2.96875 
 226.595       2.773437 
 227.09        2.734375 
 227.625       2.519531 
 228.095       2.421875 
 228.6         2.128906 
 229.065       2.226563 
 229.595       2.03125 
 230.095       1.933594 
 230.605       1.679687 
 231.105       1.503906 
 231.595       1.503906 
 232.09        1.425781 
 232.62        1.386719 
 233.095       .9179687 
 233.61        1.132812 
 234.08        1.210937 
 234.605       .9570311 
 235.12        .9374999 
 235.58        .8203124 
 236.065       .7617186 
 236.605       .7226562 
 237.11        .6445312 
 237.62        .4882812 
 238.1         .5664062 
 238.595       .5078125 
 239.135       .4492187 
 239.615       .4101562 
 240.115       .5078125 
 240.605       .390625 
 241.105       .1757812 
 241.6         .546875 
 242.105       .1953125 
 242.605       .1953125 
 243.095       7.812499E-02 
 243.575       .2539062 
 244.09        .1367187 
 244.58        .1171875 
 245.09        .1757812 
 245.585       .1367187 
 246.115       3.906249E-02 
 246.595      -.2734375 
 247.11        .1367187 
 247.57       -3.906249E-02 
 248.095       9.765624E-02 
 248.62        3.906249E-02 
 249.09        .1171875 
 249.59       -.1171875 
 250.09       -.078125 
 250.6        -1.953125E-02 
 251.08        0 
 251.595      -.15625 
 252.1         0 
 252.6         5.859375E-02 
 253.1         .15625 
 253.615       .0390625 
 254.105       0 
 254.595      -1.953125E-02 
 255.1        -.0390625 
 255.655      -.1953125 
 256.14        1.953125E-02 
 256.56        1.953125E-02 
 257.06        .15625 
 257.61        .0390625 
 258.115       1.953127E-02 
 258.6         .1953125 
 259.055       9.765624E-02 
 259.625      -.0390625 
 260.08        .1171875 
 260.61        .1757812 
 261.09       -5.859375E-02 
 261.62        9.765624E-02 
 262.09        3.906249E-02 
 262.595      -5.859375E-02 
 263.095      -7.812499E-02 
 263.625       7.450581E-09 
 264.105      -.0390625 
 264.565      -3.906249E-02 
 265.12        7.812499E-02 
 265.58        7.812499E-02 
 266.115      -5.859375E-02 
 266.61       -5.859374E-02 
 267.12        5.859374E-02 
 267.615      -.0390625 
 268.055      -5.859375E-02 
 268.615      -.078125 
 269.1         3.906249E-02 
 269.575      -.1367187 
 270.095       9.765624E-02 
 270.615       1.953125E-02 
 271.11       -1.490116E-08 
 271.645      -.15625 
 272.12       -5.859375E-02 
 272.55       -.1367187 
 273.075       .0390625 
 273.595      -.078125 
 274.1         5.859374E-02 
 274.6        -1.953125E-02 
 275.085      -9.765625E-02 
 275.56        .0390625 
 276.1        -1.953124E-02 
 276.57        5.859375E-02 
 277.075      -.1757812 
 277.615      -9.765624E-02 
 278.09       -5.859377E-02 
 278.625      -1.953125E-02 
 279.085      -1.953125E-02 
 279.6        -.1367187 
 280.105      -.078125 
 280.595      -1.953125E-02 
 281.085      -.1171875 
 281.575      -9.765625E-02 
 282.1        -.078125 
 282.575       5.859374E-02 
 283.08       -.1757812 
 283.595      -7.812499E-02 
 284.12       -.0390625 
 284.63       -.078125 
 285.095       5.859375E-02 
 285.57       -.078125 
 286.095      -.1953125 
 286.575      -.2148437 
 287.09       -5.859375E-02 
 287.585       5.859375E-02 
 288.105      -.1367187 
 288.575       3.906247E-02 
 289.095      -7.812497E-02 
 289.595      -1.953125E-02 
 290.105      -9.765625E-02 
 290.605      -1.953125E-02 
 291.08       -9.765625E-02 
 291.61       -.078125 
 292.105      -3.906247E-02 
 292.59       -.078125 
 293.1        -9.765622E-02 
 293.59       -9.765622E-02 
 294.08       -1.953125E-02 
 294.61       -.234375 
 295.11       -.15625 
 295.58       -.1367187 
 296.08       -.0390625 
 296.605      -.1171875 
 297.065      -.15625 
 297.6        -.234375 
 298.13       -.1367187 
 298.59       -.2929687 
 299.075      -.2734375 
 299.615      -.1953125 
 300.13       -.2148437 
 300.635      -.1367188 
 301.095      -.15625 
 301.585      -.15625 
 302.105      -.2148437 
 302.63       -.2148437 
 303.12       -.15625 
 303.595      -.15625 
 304.075      -.1367187 
 304.605      -.1953125 
 305.085      -.2539062 
 305.56       -.2148437 
 306.075      -.1367188 
 306.585      -.2148437 
 307.09       -.234375 
 307.59       -.3515625 
 308.085      -.078125 
 308.59       -.2539063 
 309.065      -.1367188 
 309.555      -.2539063 
 310.135      -.15625 
 310.65       -.1757812 
 311.135      -.234375 
 311.615      -.2148437 
 312.14       -.234375 
 312.63       -.1953125 
 313.145      -.1367188 
 313.625      -.1757812 
 314.115      -.2148437 
 314.625      -.1171875 
 315.125      -.1367187 
 315.63       -.1367188 
 316.09       -.1953125 
 316.555      -.1171875 
 317.12       -9.765625E-02 
 317.59       -.15625 
 318.12       -5.859375E-02 
 318.58       -.0390625 
 319.12       -.2539062 
 319.6        -.1367188 
 320.095      -.1367187 
 320.635      -.0390625 
 321.12       -.15625 
 321.61       -.234375 
 322.08       -.1171875 
 322.595      -.1171875 
 323.065      -.15625 
 323.595      -1.953125E-02 
 324.08       -.2148437 
 324.585      -3.906249E-02 
 325.07       -.15625 
 325.63       -.15625 
 326.105      -.15625 
 326.61       -.1757812 
 327.115      -.1171875 
 327.62       -3.906249E-02 
 328.095      -.1953125 
 328.62       -.1367187 
 329.07        0 
 329.585      -9.765624E-02 
 330.11       -9.765624E-02 
 330.645       0 
 331.14       -.0390625 
 331.585      -3.906249E-02 
 332.08       -9.765624E-02 
 332.63       -.2148437 
 333.12       -5.859375E-02 
 333.58       -.1171875 
 334.105       0 
 334.645      -1.953125E-02 
 335.115      -.0390625 
 335.615      -9.765624E-02 
 336.07       -7.812499E-02 
 336.575      -9.765624E-02 
 337.075      -.0390625 
 337.595      -.1757812 
 338.07       -9.765624E-02 
 338.61       -.1367187 
 339.09       -.15625 
 339.64       -5.859374E-02 
 340.11       -5.859375E-02 
 340.64        0 
 341.13       -.15625 
 341.635      -9.765624E-02 
 342.13        .0390625 
 342.605      -.15625 
 343.075      -9.765624E-02 
 343.585      -9.765624E-02 
 344.055      -5.859375E-02 
 344.55       -.078125 
 345.065      -5.859376E-02 
 345.6        -9.765624E-02 
 346.125      -1.953125E-02 
 346.6        -.078125 
 347.06        1.953126E-02 
 347.61       -.0390625 
 348.095       5.859375E-02 
 348.56       -5.859375E-02 
 349.06        .0390625 
 349.59        5.859375E-02 
 350.065      -1.953125E-02 
 350.605      -.078125 
 351.09       -5.859375E-02 
 351.59        .0390625 
 352.095      -.078125 
 352.64        .1171875 
 353.06       -.1171875 
 353.61        9.765624E-02 
 354.11        .0390625 
 354.575       .078125 
 355.055      -.1171875 
 355.57       -.078125 
 356.075       .0390625 
 356.585       .15625 
 357.09       -1.953125E-02 
 357.6        -1.953125E-02 
 358.085      -1.490116E-08 
 358.6         7.812499E-02 
 359.09        1.953125E-02 
 359.595       .15625 
 360.11        9.765624E-02 
 360.585       9.765624E-02 
 361.085       5.859374E-02 
 361.575       9.765624E-02 
 362.07        .1953125 
 362.575       9.765625E-02 
 363.105       5.859375E-02 
 363.58        5.859375E-02 
 364.095       .1171875 
 364.585       .1367187 
 365.09        .1171875 
 365.595       .1367187 
 366.105       .234375 
 366.59        .15625 
 367.075       .15625 
 367.58        9.765624E-02 
 368.08        .2148437 
 368.615       .1171875 
 369.085       .1171875 
 369.595       9.765624E-02 
 370.1         .1367187 
 370.605       5.859375E-02 
 371.105       .1171875 
 371.615       .1757812 
 372.08        9.765624E-02 
 372.6         .2539062 
 373.09        .1953125 
 373.595       .1367187 
 374.07        1.953125E-02 
 374.575       .1757812 
 375.075       1.953125E-02 
 375.58        9.765624E-02 
 376.085       5.859375E-02 
 376.575       9.765624E-02 
 377.095       5.859375E-02 
 377.6         .2148437 
 378.075       7.812499E-02 
 378.6         .15625 
 379.095       3.906249E-02 
 379.59        3.906249E-02 
 380.1         .1171875 
 380.57        .078125 
 381.055       .078125 
 381.61        .1953125 
 382.065      -1.953125E-02 
 382.555      -5.859375E-02 
 383.12        .078125 
 383.585      -1.953125E-02 
 384.08        .078125 
 384.6         1.953125E-02 
 385.095       1.953125E-02 
 385.555      -.0390625 
 386.105      -5.859374E-02 
 386.62       -.15625 
 387.075       5.859375E-02 
 387.57       -.078125 
 388.085       .078125 
 388.59        3.906249E-02 
 389.1        -.078125 
 389.58       -5.859375E-02 
 390.09       -.1171875 
 390.555       1.953125E-02 
 391.075      -.1367188 
 391.58       -.0390625 
 392.11       -1.953125E-02 
 392.575      -3.906249E-02 
 393.07       -.078125 
 393.58       -5.859374E-02 
 394.085      -7.812499E-02 
 394.6        -1.953124E-02 
 395.095       0 
 395.595      -1.953125E-02 
 396.08       -.15625 
 396.585      -.1171875 
 397.07        1.953125E-02 
 397.575       .0390625 
 398.09       -7.812499E-02 
 398.615      -5.859374E-02 
 399.095      -.1367187 
 399.585      -9.765624E-02 
 400.05       -5.859375E-02
