Σχήμα 15, σχετικό σφάλμα

 1.       0.           
    1.005    0.005098490  
    1.01     0.005068977  
    1.015    0.005039068  
    1.02     0.005008775  
    1.025    0.004978108  
    1.03     0.004947079  
    1.035    0.004915700  
    1.04     0.004883982  
    1.045    0.004851936  
    1.05     0.004819574  
    1.055    0.004786907  
    1.06     0.004753947  
    1.065    0.004720703  
    1.07     0.004687188  
    1.075    0.004653413  
    1.08     0.004619388  
    1.085    0.004585125  
    1.09     0.004550634  
    1.095    0.004515928  
    1.1      0.004481016  
    1.105    0.004445909  
    1.11     0.004410619  
    1.115    0.004375156  
    1.12     0.004339532  
    1.125    0.004303756  
    1.13     0.004267840  
    1.135    0.004231794  
    1.14     0.004195629  
    1.145    0.004159356  
    1.15     0.004122985  
    1.155    0.004086527  
    1.16     0.004049992  
    1.165    0.004013391  
    1.17     0.003976735  
    1.175    0.003940033  
    1.18     0.003903296  
    1.185    0.003866534  
    1.19     0.003829757  
    1.195    0.003792977  
    1.2      0.003756202  
    1.205    0.003719443  
    1.21     0.003682709  
    1.215    0.003646011  
    1.22     0.003609359  
    1.225    0.003572762  
    1.23     0.003536230  
    1.235    0.003499772  
    1.24     0.003463398  
    1.245    0.003427117  
    1.25     0.003390939  
    1.255    0.003354872  
    1.26     0.003318926  
    1.265    0.003283110  
    1.27     0.003247433  
    1.275    0.003211902  
    1.28     0.003176527  
    1.285    0.003141317  
    1.29     0.003106278  
    1.295    0.003071421  
    1.3      0.003036751  
    1.305    0.003002278  
    1.31     0.002968010  
    1.315    0.002933952  
    1.32     0.002900114  
    1.325    0.002866501  
    1.33     0.002833122  
    1.335    0.002799983  
    1.34     0.002767089  
    1.345    0.002734449  
    1.35     0.002702068  
    1.355    0.002669952  
    1.36     0.002638107  
    1.365    0.002606539  
    1.37     0.002575253  
    1.375    0.002544255  
    1.38     0.002513549  
    1.385    0.002483140  
    1.39     0.002453032  
    1.395    0.002423232  
    1.4      0.002393741  
    1.405    0.002364565  
    1.41     0.002335707  
    1.415    0.002307171  
    1.42     0.002278959  
    1.425    0.002251076  
    1.43     0.002223523  
    1.435    0.002196304  
    1.44     0.002169421  
    1.445    0.002142876  
    1.45     0.002116671  
    1.455    0.002090808  
    1.46     0.002065289  
    1.465    0.002040114  
    1.47     0.002015285  
    1.475    0.001990802  
    1.48     0.001966668  
    1.485    0.001942881  
    1.49     0.001919442  
    1.495    0.001896352  
    1.5      0.001873609  
    1.505    0.001851215  
    1.51     0.001829168  
    1.515    0.001807468  
    1.52     0.001786114  
    1.525    0.001765105  
    1.53     0.001744439  
    1.535    0.001724116  
    1.54     0.001704133  
    1.545    0.001684490  
    1.55     0.001665183  
    1.555    0.001646212  
    1.56     0.001627573  
    1.565    0.001609265  
    1.57     0.001591286  
    1.575    0.001573632  
    1.58     0.001556300  
    1.585    0.001539289  
    1.59     0.001522596  
    1.595    0.001506216  
    1.6      0.001490147  
    1.605    0.001474386  
    1.61     0.001458929  
    1.615    0.001443774  
    1.62     0.001428915  
    1.625    0.001414351  
    1.63     0.001400076  
    1.635    0.001386088  
    1.64     0.001372382  
    1.645    0.001358955  
    1.65     0.001345803  
    1.655    0.001332922  
    1.66     0.001320307  
    1.665    0.001307955  
    1.67     0.001295862  
    1.675    0.001284023  
    1.68     0.001272434  
    1.685    0.001261092  
    1.69     0.001249991  
    1.695    0.001239129  
    1.7      0.001228500  
    1.705    0.001218100  
    1.71     0.001207925  
    1.715    0.001197972  
    1.72     0.001188235  
    1.725    0.001178710  
    1.73     0.001169394  
    1.735    0.001160282  
    1.74     0.001151370  
    1.745    0.001142655  
    1.75     0.001134130  
    1.755    0.001125794  
    1.76     0.001117641  
    1.765    0.001109669  
    1.77     0.001101871  
    1.775    0.001094246  
    1.78     0.001086788  
    1.785    0.001079495  
    1.79     0.001072362  
    1.795    0.001065385  
    1.8      0.001058561  
    1.805    0.001051886  
    1.81     0.001045357  
    1.815    0.001038970  
    1.82     0.001032721  
    1.825    0.001026607  
    1.83     0.001020624  
    1.835    0.001014770  
    1.84     0.001009040  
    1.845    0.001003432  
    1.85     0.000997943  
    1.855    0.000992569  
    1.86     0.000987307  
    1.865    0.000982155  
    1.87     0.000977109  
    1.875    0.000972166  
    1.88     0.000967324  
    1.885    0.000962580  
    1.89     0.000957930  
    1.895    0.000953374  
    1.9      0.000948907  
    1.905    0.000944527  
    1.91     0.000940233  
    1.915    0.000936020  
    1.92     0.000931888  
    1.925    0.000927833  
    1.93     0.000923854  
    1.935    0.000919948  
    1.94     0.000916114  
    1.945    0.000912348  
    1.95     0.000908649  
    1.955    0.000905016  
    1.96     0.000901445  
    1.965    0.000897936  
    1.97     0.000894486  
    1.975    0.000891093  
    1.98     0.000887757  
    1.985    0.000884474  
    1.99     0.000881244  
    1.995    0.000878066  
    2.       0.000874936  