Σχήμα 12, παράγωγος 5 σημείων

100.260000	-0.106534
100.700000	0.143942
101.215000	0.143942
101.650000	-0.050421
102.185000	-0.158579
102.665000	-0.023584
103.215000	0.087016
103.650000	0.074818
104.160000	0.214693
104.665000	0.074004
105.125000	-0.103280
105.650000	-0.086203
106.155000	0.001626
106.595000	0.150448
107.110000	0.269180
107.610000	-0.027650
108.110000	-0.091082
108.630000	0.150448
109.120000	0.082136
109.595000	0.092708
110.105000	0.095148
110.615000	0.116292
111.115000	0.145569
111.600000	0.144756
112.110000	0.124424
112.615000	0.067498
113.090000	0.196802
113.575000	0.140689
114.080000	0.061806
114.600000	0.048794
115.100000	0.301709
115.585000	0.184604
116.105000	0.024397
116.610000	0.332610
117.100000	0.317158
117.590000	0.250478
118.125000	0.256984
118.605000	0.250475
119.095000	0.435892
119.595000	0.169151
120.100000	0.168339
120.615000	0.419628
121.095000	0.430202
121.585000	0.242344
122.090000	0.271618
122.595000	0.441587
123.100000	0.260235
123.600000	0.468420
124.100000	0.551371
124.585000	0.352131
125.085000	0.362703
125.630000	0.470049
126.090000	0.440772
126.620000	0.339116
127.100000	0.532668
127.650000	0.787211
128.095000	0.478993
128.610000	0.545679
129.100000	0.556252
129.600000	0.420440
130.110000	0.581457
130.615000	0.603416
131.110000	0.483062
131.615000	0.492003
132.145000	0.542424
132.590000	0.478181
133.105000	0.629442
133.600000	0.696129
134.110000	0.611550
134.625000	0.723775
135.120000	0.521283
135.615000	0.399299
136.130000	0.608298
136.600000	0.601791
137.125000	0.587966
137.645000	0.375712
138.130000	0.391979
138.635000	0.648148
139.120000	0.496886
139.600000	0.318786
140.130000	0.494444
140.645000	0.589594
141.095000	0.256982
141.605000	0.020328
142.115000	0.515590
142.620000	0.548932
143.115000	0.258608
143.635000	0.376529
144.135000	0.330984
144.630000	0.279752
145.150000	0.107348
145.605000	0.233396
146.075000	0.221198
146.590000	0.160209
147.090000	0.169966
147.655000	0.321225
148.115000	0.617244
148.620000	0.267555
149.115000	-0.154515
149.600000	0.121171
150.090000	-0.008133
150.595000	0.009758
151.165000	0.363517
151.615000	0.040667
152.125000	-0.269176
152.590000	-0.187858
153.110000	0.296016
153.605000	0.017078
154.115000	0.017891
154.610000	0.228518
155.070000	-0.153701
155.605000	-0.250474
156.080000	-0.091894
156.595000	0.055298
157.090000	-0.042291
157.585000	-0.148821
158.090000	-0.001627
158.605000	-0.232582
159.080000	0.019518
159.590000	0.013010
160.100000	-0.201682
160.620000	-0.276500
161.085000	-0.207375
161.600000	-0.297644
162.115000	-0.381407
162.575000	0.019517
163.070000	-0.444023
163.610000	-0.246410
164.090000	0.152073
164.585000	-0.666849
165.100000	-0.647334
165.610000	0.241530
166.090000	0.080511
166.600000	-0.410681
167.125000	-0.545680
167.595000	-0.296831
168.100000	-0.043099
168.590000	-0.666852
169.080000	-0.889677
169.595000	0.245598
170.110000	0.060179
170.590000	-0.562758
171.085000	-0.181349
171.570000	-0.449716
172.090000	-1.149100
172.565000	-0.170779
173.090000	0.239092
173.605000	-0.080511
174.070000	-0.265113
174.600000	-0.454596
175.075000	0.820551
175.585000	0.832749
176.075000	-0.139062
176.610000	0.449717
177.075000	0.505014
177.580000	-0.100841
178.080000	0.278940
178.615000	0.404177
179.085000	0.112225
179.585000	-0.264300
180.090000	-0.931149
180.590000	0.091894
181.055000	0.383843
181.590000	-0.303332
182.065000	-0.452154
182.565000	-0.166716
183.075000	0.160209
183.575000	-0.265116
184.070000	-0.866096
184.560000	-0.835188
185.080000	0.169155
185.565000	-0.297645
186.110000	0.127676
186.555000	0.004067
187.090000	-0.915699
187.570000	-0.295203
188.095000	-0.702634
188.585000	-0.526975
189.060000	-0.556250
189.570000	-0.311466
190.070000	-0.202496
190.575000	-0.967749
191.075000	-0.520467
191.565000	-0.236648
192.060000	-0.488753
192.595000	-0.576584
193.055000	-0.032531
193.570000	-0.705883
194.055000	-0.971813
194.565000	-0.338306
195.085000	-0.479808
195.575000	-0.367580
196.080000	-0.661969
196.575000	-0.512337
197.075000	-0.233399
197.575000	-0.524537
198.070000	-0.421255
198.585000	-0.327733
199.090000	-0.374088
199.565000	-0.508268
200.050000	-0.513963
200.595000	-0.505016
201.095000	-0.298455
201.585000	-0.348878
202.055000	-0.317974
202.565000	-0.225268
203.065000	-0.340743
203.555000	-0.326918
204.055000	-0.291139
204.565000	-0.225265
205.045000	-0.221198
205.580000	-0.335865
206.050000	-0.248849
206.565000	-0.161833
207.055000	-0.287071
207.575000	-0.202494
208.070000	-0.104094
208.570000	-0.152075
209.045000	-0.178098
209.565000	-0.208188
210.050000	-0.032529
210.600000	-0.110599
211.100000	-0.013825
211.600000	0.392791
212.120000	0.292764
212.605000	-0.230958
213.125000	-0.252916
213.630000	-0.033343
214.115000	-0.131743
214.610000	-0.165086
215.125000	-0.142316
215.585000	-0.043914
216.130000	0.068311
216.655000	-0.014638
217.130000	-0.098401
217.625000	0.037409
218.085000	0.021144
218.595000	-0.125238
219.125000	-0.120358
219.590000	-0.051234
220.100000	-0.141503
220.580000	-0.104907
221.080000	-0.005693
221.605000	-0.066685
222.060000	-0.095961
222.605000	-0.022770
223.050000	0.054486
223.555000	-0.139063
224.085000	-0.042288
224.585000	-0.006506
225.080000	-0.180538
225.590000	-0.043101
226.115000	-0.061806
226.595000	-0.077257
227.090000	-0.108973
227.625000	-0.044728
228.095000	-0.012198
228.600000	-0.078884
229.065000	-0.087016
229.595000	-0.121172
230.095000	-0.037409
230.605000	-0.013825
231.105000	-0.014638
231.595000	-0.153701
232.090000	-0.075631
232.620000	0.115479
233.095000	-0.059366
233.610000	-0.078070
234.080000	-0.026837
234.605000	-0.048794
235.120000	-0.020331
235.580000	-0.025210
236.065000	-0.069938
236.605000	-0.017078
237.110000	0.014638
237.620000	-0.035782
238.100000	-0.030090
238.595000	0.024397
239.135000	0.004879
239.615000	-0.116292
240.115000	0.065059
240.605000	0.014638
241.105000	-0.113039
241.600000	-0.026837
242.105000	0.021957
242.605000	0.022770
243.095000	-0.049607
243.575000	0.017891
244.090000	0.010572
244.580000	-0.029276
245.090000	-0.134997
245.585000	0.039848
246.115000	0.075631
246.595000	-0.026023
247.110000	0.026837
247.570000	0.009759
248.095000	-0.044728
248.620000	-0.062619
249.090000	0.037409
249.590000	0.027650
250.090000	-0.048794
250.600000	-0.003253
251.080000	0.065059
251.595000	0.043915
252.100000	-0.006506
252.600000	-0.048794
253.100000	-0.011385
253.615000	-0.003253
254.105000	-0.059366
254.595000	0.017891
255.100000	0.063432
255.655000	0.035782
256.140000	0.006506
256.560000	-0.052860
257.060000	0.054487
257.610000	0.029276
258.115000	-0.082136
258.600000	0.007319
259.055000	0.078070
259.625000	-0.064245
260.080000	-0.022770
260.610000	0.042288
261.090000	-0.051234
261.620000	-0.034969
262.090000	0.022771
262.595000	0.012198
263.095000	-0.019518
263.625000	0.035782
264.105000	0.039848
264.565000	-0.044728
265.120000	-0.044728
265.580000	0.043915
266.115000	0.006506
266.610000	-0.038222
267.120000	-0.012198
267.615000	0.036595
268.055000	-0.026023
268.615000	0.015451
269.100000	0.053673
269.575000	-0.031716
270.095000	-0.052047
270.615000	-0.013012
271.110000	0.004879
271.645000	0.029276
272.120000	0.014638
272.550000	0.001626
273.075000	0.025210
273.595000	-0.056926
274.100000	0.022771
274.600000	0.022771
275.085000	0.009759
275.560000	-0.046354
276.100000	-0.050420
276.570000	0.042288
277.075000	0.019518
277.615000	0.014638
278.090000	-0.038222
278.625000	-0.019518
279.085000	0.043101
279.600000	-0.014638
280.105000	-0.026023
280.595000	0.009759
281.085000	0.054487
281.575000	-0.033343
282.100000	-0.047167
282.575000	0.051234
283.080000	-0.009759
283.595000	0.032529
284.120000	0.006506
284.630000	-0.078884
285.095000	-0.040662
285.570000	0.039848
286.095000	0.088642
286.575000	-0.036595
287.090000	-0.005693
287.585000	0.022771
288.105000	-0.021144
288.575000	-0.004066
289.095000	0.000813
289.595000	0.002440
290.105000	-0.021957
290.605000	0.021957
291.080000	-0.000000
291.610000	-0.018704
292.105000	-0.007319
292.590000	0.032529
293.100000	-0.043101
293.590000	-0.043915
294.080000	0.033343
294.610000	0.034156
295.110000	0.006506
295.580000	-0.034969
296.080000	-0.034969
296.605000	0.013825
297.065000	-0.014638
297.600000	-0.047167
298.130000	0.035782
298.590000	0.013012
299.075000	0.014638
299.615000	0.017891
300.130000	-0.006506
300.635000	-0.016265
301.095000	-0.019518
301.585000	0.019518
302.105000	0.016265
302.630000	0.005693
303.120000	-0.008946
303.595000	-0.036595
304.075000	-0.006506
304.605000	0.039848
305.085000	-0.000813
305.560000	-0.026837
306.075000	-0.047981
306.585000	0.053673
307.090000	0.028463
307.590000	-0.023584
308.085000	0.003253
308.590000	-0.009759
309.065000	0.030090
309.555000	-0.027650
310.135000	-0.009759
310.650000	0.000813
311.135000	0.002440
311.615000	0.030903
312.140000	0.005693
312.630000	-0.029276
313.145000	0.019518
313.625000	0.024397
314.115000	-0.007319
314.625000	-0.019518
315.125000	0.004879
315.630000	0.033343
316.090000	-0.018704
316.555000	0.009759
317.120000	0.045541
317.590000	-0.065872
318.120000	-0.029276
318.580000	0.039035
319.120000	0.028463
319.600000	-0.002440
320.095000	-0.065872
320.635000	0.016265
321.120000	0.039035
321.610000	-0.021957
322.080000	0.036595
322.595000	-0.022770
323.065000	-0.006506
323.595000	0.025210
324.080000	-0.041475
324.585000	0.005693
325.070000	-0.008132
325.630000	0.008132
326.105000	0.047167
326.610000	-0.027650
327.115000	-0.037409
327.620000	0.067498
328.095000	0.008946
328.620000	-0.038222
329.070000	0.034156
329.585000	0.017078
330.110000	-0.013012
330.645000	-0.010572
331.140000	-0.057739
331.585000	0.016265
332.080000	0.028463
332.630000	0.011385
333.120000	0.031716
333.580000	-0.013825
334.105000	-0.022771
334.645000	-0.009759
335.115000	0.000000
335.615000	0.016265
336.070000	-0.025210
336.575000	-0.017891
337.075000	0.017891
337.595000	-0.024397
338.070000	0.024397
338.610000	0.026837
339.090000	0.019518
339.640000	-0.030903
340.110000	-0.036595
340.640000	0.071564
341.130000	-0.021957
341.635000	-0.045541
342.130000	0.023584
342.605000	0.009759
343.075000	0.004879
343.585000	-0.000000
344.055000	-0.008132
344.550000	0.013012
345.065000	0.003253
345.600000	0.010572
346.125000	0.009759
346.600000	0.012198
347.060000	-0.007319
347.610000	-0.010572
348.095000	0.042288
348.560000	-0.018704
349.060000	-0.041475
349.590000	-0.012198
350.065000	0.041475
350.605000	-0.014638
351.090000	0.028463
351.590000	-0.015451
352.095000	-0.011385
352.640000	0.053673
353.060000	-0.006506
353.610000	-0.044728
354.110000	-0.052047
354.575000	0.048794
355.055000	0.074004
355.570000	-0.021957
356.075000	-0.056926
356.585000	0.009759
357.090000	0.030903
357.600000	-0.000813
358.085000	0.021957
358.600000	0.025210
359.090000	-0.021144
359.595000	-0.010572
360.110000	-0.004066
360.585000	0.045541
361.085000	0.000000
361.575000	-0.043915
362.070000	-0.009759
362.575000	0.017891
363.105000	0.023584
363.580000	-0.003253
364.095000	-0.004879
364.585000	0.038222
365.090000	0.004879
365.595000	-0.024397
366.105000	-0.018704
366.590000	0.021144
367.075000	0.008132
367.580000	-0.032529
368.080000	-0.003253
368.615000	0.008946
369.085000	-0.013012
369.595000	-0.009759
370.100000	0.040662
370.605000	-0.014638
371.105000	0.022771
371.615000	0.034156
372.080000	-0.035782
372.600000	-0.055300
373.090000	0.020331
373.595000	0.001626
374.070000	-0.027650
374.575000	0.016265
375.075000	-0.001626
375.580000	-0.004879
376.085000	0.038222
376.575000	0.004066
377.095000	-0.018704
377.600000	-0.005693
378.075000	-0.040662
378.600000	0.029276
379.095000	0.011385
379.590000	-0.019518
380.100000	0.044728
380.570000	-0.026837
381.055000	-0.084576
381.610000	0.041475
382.065000	0.008946
382.555000	-0.003253
383.120000	0.015451
383.585000	-0.018704
384.080000	-0.013825
384.600000	-0.018704
385.095000	-0.040662
385.555000	0.040662
386.105000	0.020331
386.620000	-0.001626
387.075000	0.044728
387.570000	-0.052860
388.085000	-0.024397
388.590000	-0.012198
389.100000	0.028463
389.580000	-0.007319
390.090000	-0.023584
390.555000	0.041475
391.075000	-0.002440
391.580000	-0.018704
392.110000	-0.004066
392.575000	-0.000813
393.070000	0.009759
393.580000	0.024397
394.085000	0.003253
394.600000	-0.047981
395.095000	-0.033343
395.595000	0.056113
396.080000	0.048794
396.585000	-0.034969
397.070000	-0.026023
397.575000	-0.013825
398.090000	-0.013825