Σχήμα 13, παράγωγος 7 σημείων

100.260000	0.155978
100.700000	0.150611
101.215000	-0.053999
101.650000	-0.169151
102.185000	-0.019680
102.665000	0.094986
103.215000	0.060017
103.650000	0.229819
104.160000	0.074492
104.665000	-0.111901
105.125000	-0.084739
105.650000	-0.000813
106.155000	0.145732
106.595000	0.292764
107.110000	-0.041150
107.610000	-0.107184
108.110000	0.172405
108.630000	0.073191
109.120000	0.094335
109.595000	0.094335
110.105000	0.115642
110.615000	0.146707
111.115000	0.144756
111.600000	0.128816
112.110000	0.054649
112.615000	0.208513
113.090000	0.140364
113.575000	0.062294
114.080000	0.030740
114.600000	0.323992
115.100000	0.188345
115.585000	-0.004879
116.105000	0.355380
116.610000	0.315694
117.100000	0.245599
117.590000	0.261538
118.125000	0.233560
118.605000	0.465819
119.095000	0.153049
119.595000	0.155978
120.100000	0.432639
120.615000	0.439636
121.095000	0.230145
121.585000	0.262997
122.090000	0.467936
122.595000	0.233073
123.100000	0.475901
123.600000	0.566822
124.100000	0.338469
124.585000	0.358962
125.085000	0.477857
125.630000	0.447440
126.090000	0.323989
126.620000	0.525349
127.100000	0.821692
127.650000	0.449879
128.095000	0.552023
128.610000	0.567962
129.100000	0.401085
129.600000	0.590728
130.110000	0.610409
130.615000	0.474767
131.110000	0.490539
131.615000	0.552671
132.145000	0.464357
132.590000	0.634646
133.105000	0.704912
133.600000	0.593659
134.110000	0.743780
134.625000	0.517868
135.120000	0.380921
135.615000	0.624074
136.130000	0.595448
136.600000	0.601303
137.125000	0.365140
137.645000	0.377178
138.130000	0.672057
138.635000	0.497374
139.120000	0.298781
139.600000	0.496884
140.130000	0.611715
140.645000	0.257307
141.095000	-0.021635
141.605000	0.545517
142.115000	0.563895
142.620000	0.229657
143.115000	0.390680
143.635000	0.327243
144.135000	0.290324
144.630000	0.088644
145.150000	0.244455
145.605000	0.223149
146.075000	0.158746
146.590000	0.166062
147.090000	0.304960
147.655000	0.649774
148.115000	0.271296
148.620000	-0.196478
149.115000	0.156303
149.600000	-0.016103
150.090000	-0.016428
150.595000	0.402226
151.165000	0.036113
151.615000	-0.282024
152.125000	-0.212744
152.590000	0.345135
153.110000	-0.006669
153.605000	0.001301
154.115000	0.266089
154.610000	-0.172730
155.070000	-0.258606
155.605000	-0.090593
156.080000	0.067171
156.595000	-0.042454
157.090000	-0.167362
157.585000	0.029113
158.090000	-0.266738
158.605000	0.036108
159.080000	0.021467
159.590000	-0.210139
160.100000	-0.283819
160.620000	-0.195989
161.085000	-0.293090
161.600000	-0.418816
162.115000	0.081160
162.575000	-0.488425
163.070000	-0.266090
163.610000	0.230631
164.090000	-0.713528
164.585000	-0.694339
165.100000	0.302197
165.610000	0.085065
166.090000	-0.428247
166.600000	-0.559017
167.125000	-0.304638
167.595000	0.008461
168.100000	-0.678726
168.590000	-0.971976
169.080000	0.326271
169.595000	0.075468
170.110000	-0.632859
170.590000	-0.138248
171.085000	-0.409379
171.570000	-1.247501
172.090000	-0.127352
172.565000	0.267880
173.090000	-0.098727
173.605000	-0.238764
174.070000	-0.547467
174.600000	0.890652
175.075000	0.885121
175.585000	-0.243318
176.075000	0.491030
176.610000	0.546489
177.075000	-0.165249
177.580000	0.299597
178.080000	0.418327
178.615000	0.105719
179.085000	-0.222825
179.585000	-1.030037
180.090000	0.139550
180.590000	0.429384
181.055000	-0.339764
181.590000	-0.464840
182.065000	-0.174036
182.565000	0.194528
183.075000	-0.257309
183.575000	-0.884150
184.070000	-0.894228
184.560000	0.272110
185.080000	-0.376529
185.565000	0.154513
186.110000	0.058879
186.555000	-1.020769
187.090000	-0.209651
187.570000	-0.748989
188.095000	-0.503554
188.585000	-0.575930
189.060000	-0.314556
189.570000	-0.141829
190.070000	-1.044356
190.575000	-0.501437
191.075000	-0.208511
191.565000	-0.497210
192.060000	-0.625866
192.595000	0.045051
193.055000	-0.730767
193.570000	-1.021908
194.055000	-0.280891
194.565000	-0.511036
195.085000	-0.337002
195.575000	-0.688318
196.080000	-0.520633
196.575000	-0.196478
197.075000	-0.553651
197.575000	-0.417351
198.070000	-0.322203
198.585000	-0.370184
199.090000	-0.515424
199.565000	-0.509084
200.050000	-0.518191
200.595000	-0.281214
201.095000	-0.356360
201.585000	-0.323503
202.055000	-0.211931
202.565000	-0.350014
203.065000	-0.325455
203.555000	-0.293254
204.055000	-0.223638
204.565000	-0.213065
205.045000	-0.347901
205.580000	-0.248849
206.050000	-0.147683
206.565000	-0.300733
207.055000	-0.202332
207.575000	-0.096287
208.070000	-0.155490
208.570000	-0.174357
209.045000	-0.222013
209.565000	-0.013012
210.050000	-0.118244
210.600000	-0.035782
211.100000	0.415074
211.600000	0.313095
212.120000	-0.259096
212.605000	-0.261210
213.125000	-0.011711
213.630000	-0.138900
214.115000	-0.165574
214.610000	-0.144755
215.125000	-0.046679
215.585000	0.078070
216.130000	-0.014476
216.655000	-0.112064
217.130000	0.046354
217.625000	0.027650
218.085000	-0.134021
218.595000	-0.123449
219.125000	-0.039849
219.590000	-0.149310
220.100000	-0.108648
220.580000	0.003904
221.080000	-0.069125
221.605000	-0.100841
222.060000	-0.025535
222.605000	0.072540
223.050000	-0.159068
223.555000	-0.037896
224.085000	0.008133
224.585000	-0.201845
225.080000	-0.030415
225.590000	-0.064408
226.115000	-0.074980
226.595000	-0.114503
227.090000	-0.043264
227.625000	-0.006994
228.095000	-0.083763
228.600000	-0.082787
229.065000	-0.128166
229.595000	-0.033180
230.095000	-0.015777
230.605000	-0.004554
231.105000	-0.164923
231.595000	-0.083601
232.090000	0.137924
232.620000	-0.072052
233.095000	-0.080347
233.610000	-0.020981
234.080000	-0.053023
234.605000	-0.018542
235.120000	-0.022120
235.580000	-0.075793
236.065000	-0.015777
236.605000	0.019355
237.110000	-0.039198
237.620000	-0.033017
238.100000	0.027487
238.595000	0.013500
239.135000	-0.136786
239.615000	0.080185
240.115000	0.018379
240.605000	-0.125563
241.105000	-0.022283
241.600000	0.022770
242.105000	0.027650
242.605000	-0.059041
243.095000	0.023096
243.575000	0.010247
244.090000	-0.021957
244.580000	-0.152074
245.090000	0.049119
245.585000	0.082624
246.115000	-0.037409
246.595000	0.032041
247.110000	0.011385
247.570000	-0.045216
248.095000	-0.069613
248.620000	0.043752
249.090000	0.031228
249.590000	-0.055625
250.090000	-0.003904
250.600000	0.069287
251.080000	0.043915
251.595000	-0.006181
252.100000	-0.053023
252.600000	-0.009433
253.100000	0.001789
253.615000	-0.067498
254.105000	0.020331
254.595000	0.066360
255.100000	0.034156
255.655000	0.010572
256.140000	-0.063757
256.560000	0.062456
257.060000	0.034806
257.610000	-0.094010
258.115000	0.008132
258.600000	0.091407
259.055000	-0.076606
259.625000	-0.023584
260.080000	0.052535
260.610000	-0.058553
261.090000	-0.036433
261.620000	0.026674
262.090000	0.013500
262.595000	-0.025210
263.095000	0.038222
263.625000	0.044890
264.105000	-0.048957
264.565000	-0.049770
265.120000	0.051559
265.580000	0.006018
266.115000	-0.041637
266.610000	-0.013825
267.120000	0.044240
267.615000	-0.033180
268.055000	0.015126
268.615000	0.060830
269.100000	-0.035945
269.575000	-0.054161
270.095000	-0.010735
270.615000	0.003578
271.110000	0.031228
271.645000	0.014313
272.120000	-0.001789
272.550000	0.033668
273.075000	-0.067824
273.595000	0.028951
274.100000	0.021469
274.600000	0.012524
275.085000	-0.047981
275.560000	-0.056113
276.100000	0.049770
276.570000	0.015939
277.075000	0.018379
277.615000	-0.041800
278.090000	-0.022445
278.625000	0.050583
279.085000	-0.018054
279.600000	-0.027650
280.105000	0.007970
280.595000	0.062456
281.085000	-0.037409
281.575000	-0.053999
282.100000	0.062619
282.575000	-0.018704
283.080000	0.036433
283.595000	0.010572
284.120000	-0.085064
284.630000	-0.041312
285.095000	0.039360
285.570000	0.099052
286.095000	-0.047330
286.575000	-0.004229
287.090000	0.027487
287.585000	-0.025535
288.105000	-0.002602
288.575000	0.000488
289.095000	0.004717
289.595000	-0.026837
290.105000	0.026349
290.605000	-0.000651
291.080000	-0.019843
291.610000	-0.010084
292.105000	0.040011
292.590000	-0.047330
293.100000	-0.047818
293.590000	0.037897
294.080000	0.033993
294.610000	0.007319
295.110000	-0.036433
295.580000	-0.037897
296.080000	0.018542
296.605000	-0.013825
297.065000	-0.054649
297.600000	0.043264
298.130000	0.010084
298.590000	0.014313
299.075000	0.019518
299.615000	-0.007482
300.130000	-0.015614
300.635000	-0.022120
301.095000	0.022120
301.585000	0.015777
302.105000	0.005530
302.630000	-0.007319
303.120000	-0.039360
303.595000	-0.007807
304.075000	0.044565
304.605000	-0.002765
305.085000	-0.024885
305.560000	-0.055950
306.075000	0.061480
306.585000	0.028951
307.090000	-0.028626
307.590000	0.007319
308.085000	-0.014476
308.590000	0.036921
309.065000	-0.033017
309.555000	-0.008295
310.135000	0.001626
310.650000	-0.000000
311.135000	0.033830
311.615000	0.006669
312.140000	-0.034318
312.630000	0.022445
313.145000	0.025861
313.625000	-0.008295
314.115000	-0.020981
314.625000	0.004066
315.125000	0.038710
315.630000	-0.024072
316.090000	0.008295
316.555000	0.055462
317.120000	-0.074980
317.590000	-0.029764
318.120000	0.043101
318.580000	0.027650
319.120000	0.001139
319.600000	-0.074492
320.095000	0.020331
320.635000	0.044077
321.120000	-0.031228
321.610000	0.045541
322.080000	-0.028138
322.595000	-0.007644
323.065000	0.032204
323.595000	-0.049607
324.080000	0.011060
324.585000	-0.010247
325.070000	0.005530
325.630000	0.054324
326.105000	-0.030903
326.610000	-0.044728
327.115000	0.077745
327.620000	0.007644
328.095000	-0.045541
328.620000	0.040336
329.070000	0.016753
329.585000	-0.015614
330.110000	-0.005530
330.645000	-0.065384
331.140000	0.020819
331.585000	0.029439
332.080000	0.007807
332.630000	0.036108
333.120000	-0.016265
333.580000	-0.023258
334.105000	-0.009108
334.645000	-0.001301
335.115000	0.020006
335.615000	-0.028138
336.070000	-0.019680
336.575000	0.023746
337.075000	-0.030903
337.595000	0.027813
338.070000	0.025861
338.610000	0.022283
339.090000	-0.032041
339.640000	-0.044728
340.110000	0.084576
340.640000	-0.027162
341.130000	-0.050420
341.635000	0.029439
342.130000	0.007970
342.605000	0.004879
343.075000	0.000651
343.585000	-0.010084
344.055000	0.015289
344.550000	0.001789
345.065000	0.011223
345.600000	0.009108
346.125000	0.013662
346.600000	-0.007644
347.060000	-0.014963
347.610000	0.049445
348.095000	-0.021469
348.560000	-0.043101
349.060000	-0.014150
349.590000	0.048794
350.065000	-0.022771
350.605000	0.035132
351.090000	-0.018216
351.590000	-0.015777
352.095000	0.061155
352.640000	-0.008946
353.060000	-0.044077
353.610000	-0.058065
354.110000	0.052210
354.575000	0.079697
355.055000	-0.025373
355.570000	-0.061643
356.075000	0.013012
356.585000	0.033668
357.090000	-0.004879
357.600000	0.022933
358.085000	0.028300
358.600000	-0.024722
359.090000	-0.008783
359.595000	-0.007807
360.110000	0.050908
360.585000	-0.000325
361.085000	-0.047818
361.575000	-0.008458
362.070000	0.018379
362.575000	0.025210
363.105000	-0.004391
363.580000	-0.007970
364.095000	0.042776
364.585000	0.004066
365.090000	-0.025536
365.595000	-0.020656
366.105000	0.023909
366.590000	0.009759
367.075000	-0.036758
367.580000	-0.001789
368.080000	0.010897
368.615000	-0.014150
369.085000	-0.013337
369.595000	0.048143
370.100000	-0.021469
370.605000	0.024072
371.105000	0.038710
371.615000	-0.038059
372.080000	-0.060667
372.600000	0.026511
373.090000	0.001789
373.595000	-0.032529
374.070000	0.020819
374.575000	-0.002602
375.075000	-0.008295
375.580000	0.042939
376.085000	0.002765
376.575000	-0.020981
377.095000	-0.000976
377.600000	-0.047981
378.075000	0.035132
378.600000	0.012036
379.095000	-0.026837
379.590000	0.053348
380.100000	-0.026674
380.570000	-0.095961
381.055000	0.052697
381.610000	0.005855
382.065000	-0.005530
382.555000	0.019192
383.120000	-0.021632
383.585000	-0.012849
384.080000	-0.016265
384.600000	-0.047655
385.095000	0.047330
385.555000	0.019680
386.105000	-0.007482
386.620000	0.054975
387.075000	-0.061480
387.570000	-0.021144
388.085000	-0.014963
388.590000	0.033017
389.100000	-0.008295
389.580000	-0.029114
390.090000	0.048631
390.555000	-0.005042
391.075000	-0.020006
391.580000	-0.002765
392.110000	-0.001301
392.575000	0.008946
393.070000	0.025698
393.580000	0.005367
394.085000	-0.050420
394.600000	-0.037571
395.095000	0.060830
395.595000	0.052372
396.080000	-0.040824
396.585000	-0.024722
397.070000	-0.012361